263042
263043
263044
263045
263047
263048
364186
364187
364189
364190
364191
364192
364194
364195
364196
364198
364199
364200
364202
364203
364205
364207
364208
364209
364211
364213
364214
364215
364216
364222
364225
226848
226849
226850
226851
226852
226853
226855
226856
226857
226861
226863
226864
226866
226867
226869
226870
226872
226873
226874
226877
226878
226880
226881
226882
209823
209824
209825
209827
209828
209829
209830
209832
209833
209835
209836
209837
209838
209841
348033
348034
348035
348036
348039
348040
348041
348042
348043
348047
348048
379173
379174
379175
379176
379178
379180
379181
379182
379183
379184
379185
379188
379189
379191
352325
352326
352327
352328
352329
352331
352332
352334
352335
352336
352337
352338
352339
352341
352344
352345
352346
352347
352350
352351
352352
352353
352354
352355
352357
352359
352360
352362
352363
330707
330708
330709
330711
330713
330714
330716
330717
330719
330720
330724
330726
330727
330728
330730
330731
330732
241641
241642
241643
241645
241646
241647
241649
241650
241652
241653
241655
241656
241658
241659
241660
241661
241662
241664
241666
241667
241668
217233
217234
217236
217237
217239
217240
217241
217244
217246
217248
217249
217250
217251
217253
217254
217255
217257
217259
217260
217261
217262
217265
217266
248987
248988
248989
248990
248991
248994
248995
248996
248997
248999
249000
249001
249002
249004
249007
249008
249009
249011
249012
249014
249015
249016
249017
249018
249020
348081
348082
348083
348089
348090
348092
348095
348096
348097
348098
348100
348101
235344
235345
235346
235347
235348
235351
235352
235353
235354
235356
235357
235358
235360
235362
235363
235364
235365
235366
235368
235369
235370
235373
235374
235375
235376
235378
235381
235382
375024
375026
375027
375028
375029
375030
375032
375033
375034
375036
375037
375040
375041
375042
375043
375045
375047
375048
375049
375050
375051
375052
375055
375056
375057
375058
375059
375061
375063
375064
375065
375066
375069
375070
375071
375072
373208
373210
373212
373214
373215
373216
373217
373219
373220
345429
345431
345432
345433
345435
345437
345438
345439
345441
345442
345443
345444
345445
233586
233587
233588
233589
233591
233592
233594
233596
233597
233598
233599
233600
233602
233603
233604
233606
233608
233609
233610
233611
233612
233616
233617
233618
233619
233620
233621
233624
233625
233626
233627
233631
233633
233634
233636
235721
235724
235725
235727
235729
235730
235734
235736
235737
235739
235740
235742
235743
235744
235748
305655
305656
305657
305658
305659
305660
305662
305664
305667
305668
305670
305672
305673
305674
305675
305676
305678
305679
305680
305681
305682
305683
305685
305689
305692
376681
376682
376683
376684
376685
376686
376687
376689
376690
376691
376692
376693
376695
376697
376698
376702
376703
376704
376705
376708
376710
376712
291646
291647
291648
291649
291651
291652
291653
291654
291656
291657
291658
291660
291661
291662
291663
291664
291665
291667
291668
291672
329068
329069
329071
329072
329075
329076
329077
329078
329079
329080
329084
329085
329087
329088
329090
329091
326231
326233
326234
326238
326239
326240
326242
326244
326245
326246
326248
326249
326250
326251
326252
326253
326254
326255
326256
242700
242701
242702
242703
242704
242705
242706
242707
242708
242710
242711
242712
242714
242715
242716
242717
242718
242720
242721
242722
242723
242724
242725
242727
242728
242729
242732
242734
215845
215846
215847
215849
215850
215851
215852
215853
215854
215855
215857
215858
215859
215862
215865
215867
215870
215871
215872
215874
215875
215876
215878
215880
215882
215884
215885
215886
215889
340535
340536
340538
340539
340541
340542
340543
340544
340545
340547
340548
340549
340550
340554
340555
340556
340557
340558
340559
272542
272544
272545
272546
272548
272550
272552
272554
272559
272561
272562
272564
272565
272567
272568
287050
287055
287057
287058
287059
287064
287065
287066
287067
287068
287069
287070
260924
260927
260928
260930
260931
260933
260934
260935
260936
260937
260938
260941
260942
260944
260947
260948
307683
307684
307686
307687
307688
307689
307692
307694
307695
307697
307698
307700
307701
307702
307703
307704
307706
307707
307708
307709
307710
307711
307713
307714
307715
307716
307717
307718
307719
307720
307722
307723
307724
307725
307726
307728
210634
210635
210636
210637
210638
210639
210640
210642
210644
210645
210647
210648
210649
210652
210653
210655
210656
210657
210660
210661
210662
210666
322489
322490
322491
322493
322494
322497
319164
319165
319166
319168
319169
319170
319172
319173
319174
319175
319177
319179
319180
319181
319183
197364
197365
197367
197368
197373
197374
197376
312992
312993
312994
312995
312996
312999
313000
313002
313003
313005
313006
313007
313008
313010
313011
313014
313015
313016
313017
313018
313020
313021
313023
313025
313026
313027
313030
372660
372662
372663
372664
372665
372668
372669
372671
372672
372673
372675
372676
372678
372680
372681
372683
372685
372686
372687
372688
372689
372690
372692
312229
312232
312233
312234
312235
312237
243855
243856
243857
243859
243860
243861
243862
243863
243864
243867
243869
243870
243871
243873
243874
243876
243881
243883
213576
213577
213578
213580
213581
213582
213583
213584
213586
213587
213588
213590
213591
213592
213593
213594
213595
213596
213598
213600
213602
213603
213604
213605
213606
213608
213610
213611
213612
213613
213614
213615
213618
213619
213620
213622
213623
213625
330822
330823
330824
330825
330826
330827
330828
330829
330830
330831
330834
330835
330836
330837
330838
330839
330840
330844
330845
330846
330847
330849
330850
330851
330852
330853
330856
330857
330858
330859
330861
330862
330864
330866
330868
330869
330870
330872
330874
330875
330876
330877
249298
249299
249300
249301
249302
249304
249306
249307
249308
249310
249311
249313
249314
249315
249316
249318
249319
249321
249322
249323
355453
355454
355456
355457
355458
355460
355461
355462
355464
355465
355466
355468
355469
355470
355471
355473
355474
355476
348337
348338
348339
348341
348343
348345
348346
348347
348348
348349
348351
348352
348354
348355
295680
295681
295682
295683
295684
295685
295686
295687
295688
295690
295691
295692
295693
295695
295696
295698
295700
295701
295703
295704
295705
295706
295709
295710
295711
295713
327126
327128
327129
327130
327131
327132
327134
327135
327137
327138
327139
327140
327141
327145
327146
327147
359411
359412
359414
359416
359417
359419
359420
359424
359425
359426
359428
359429
359430
359431
359434
349359
349360
349361
349363
349364
349366
349367
349368
349370
300000
300003
300004
300006
300007
300010
320280
320281
320283
320284
320286
320287
320288
320289
320290
320291
320293
320294
320295
320296
320297
320298
320299
351024
351025
351026
351027
351029
351030
351031
351033
351034
351035
351036
351040
351041
351043
351044
351045
351046
351049
260095
260096
260097
260098
260099
260101
260102
260103
260105
260106
260107
260108
260109
260111
260113
327654
327655
327657
327659
327660
327661
327663
327664
327666
327667
327668
286107
286108
286109
286111
286112
286113
286114
286117
286118
286119
286121
286124
286125
286127
286130
249194
249196
249197
249200
249201
249202
249204
249206
249208
249209
249211
249213
249215
249216
249220
249221
249222
249225
249227
249228
249229
249231
249232
304696
304697
304698
304699
304701
304702
304704
304705
304706
304707
304708
304709
304710
304712
304713
304714
304715
304717
304718
304721
304722
304723
304725
304727
293158
293161
293163
293164
293165
293167
293168
293169
293170
293171
293172
293174
293176
293177
292061
292062
292063
292065
292067
292068
292071
292072
221645
221646
221647
221649
221650
221651
221652
221653
221655
221656
221657
221658
221659
221661
221662
221664
221665
221667
221668
221669
221671
221673
221674
221675
221676
221678
288734
288735
288736
288737
288739
288740
288741
288743
288744
288746
288748
288749
288751
288752
288754
288755
288756
288757
288762
288763
350947
350948
350949
350950
350951
350953
350955
350956
350960
350961
350963
350965
350966
279374
279377
279379
279382
279383
279384
279385
279387
279388
279389
279390
279391
279393
279394
279395
279396
279397
279400
279402
279403
279404
279406
279407
279408
279409
279410
279411
279412
279414
279415
279416
279419
380605
380606
380609
380610
380612
380614
380615
380616
380617
380618
380622
380623
380624
380625
380626
380628
380629
380631
380632
380633
380634
380635
380636
380637
380638
380639
380640
380642
320994
320996
320997
320999
321001
321002
321003
321004
321007
321008
321009
321010
321012
321013
321014
321016
321017
321018
321020
321021
321022
321023
321024
321025
321027
321028
321031
321034
321035
298376
298377
298378
298380
298381
298383
287399
287400
287401
287403
287404
287405
287407
287408
287409
287410
287413
287414
287416
262901
262902
262904
262905
262906
262907
262908
262909
262912
262913
262914
262915
262919
262920
262921
262922
262923
262925
262930
262933
262935
262936
262938
262940
262941
262942
275851
275852
275853
275856
275857
275858
275860
275861
275862
275863
275864
275866
275869
258513
258514
258516
258517
258518
258520
258521
258522
258523
258524
258525
258526
258529
258530
258531
258532
258533
258535
258536
258537
258538
258539
258540
258542
258543
258545
258546
258547
258548
258551
258552
258554
258555
258556
336990
336994
336997
336998
337000
337003
337004
337005
212749
212751
212752
212753
212754
212755
212758
212759
212761
212764
212765
212766
212769
212771
212772
212774
212775
212776
271030
271032
271033
271036
271037
271040
271041
271043
271044
271047
271048
271049
271050
271051
271052
271053
271056
271057
271058
271059
271061
271063
271064
323125
323126
323127
323128
323130
323131
323135
323136
323137
323138
323139
323141
323143
323145
323146
323147
323149
323150
323151
323152
323153
323154
323155
323156
323159
323162
323163
323164
323165
323166
323167
323168
323169
323170
323173
323174
323175
323179
357471
357473
357475
357476
357480
357481
357482
357483
357484
357486
357488
357489
357490
357491
357492
357494
357495
357496
357497
357498
357499
357502
357503
357505
357506
357508
357509
357510
249369
249370
249371
249373
249374
249375
249377
249379
249380
249381
249383
249384
249385
249386
249387
249388
249390
249391
249392
249393
249395
249396
249397
249398
249400
249401
249402
249403
249404
249405
249406
249408
249411
346234
346235
346238
346239
346243
346244
346248
278687
278688
278689
278690
278691
278692
278693
278694
278695
278696
278697
278699
278700
278701
278702
278703
278705
278706
278707
278708
278710
278712
278713
278715
278716
278717
208494
208496
208497
208498
208499
208500
208501
208504
208506
208507
208509
208510
208511
208512
208513
208514
208516
208517
208519
208521
208522
208523
208525
224142
224143
224144
224145
224148
224149
224150
224151
224153
224155
224156
224158
224159
340006
340008
340009
340010
340012
340013
340016
340017
340018
340019
340020
340026
340027
340032
340033
340035
351181
351182
351183
351184
351185
351186
351190
351191
351192
351193
351195
351196
351198
351199
351201
351202
351204
351205
351206
351208
351209
351210
351211
351212
351213
351214
351215
351219
351222
351223
351224
351227
351228
284468
284469
284470
284471
284473
284474
284476
284477
284478
284479
284483
284484
284486
284487
284488
284489
284492
284493
284494
284496
284497
284499
284501
284502
284503
284505
284507
284509
284510
284511
259909
259910
259911
259912
259913
259915
259918
259919
259920
259921
259924
259926
259928
259929
259930
259931
259933
259934
259935
259936
259938
259939
259940
259941
259942
193520
193521
193524
193526
193527
193529
193533
193534
193535
353303
353305
353307
353308
353310
353311
353313
353315
353316
353317
353318
353320
353322
353323
353326
363189
363191
363193
363194
363195
363197
363198
363199
363200
363202
363204
363205
363206
363207
363208
363209
363211
363213
363214
363216
363217
363218
363219
363220
363223
363225
363226
363227
363228
315221
315222
315223
315224
315226
315227
315228
315229
315230
315232
315233
315234
315235
315237
315238
315239
315242
315243
315244
315245
315247
315248
315249
315251
315253
379419
379420
379421
379422
379423
379424
379426
379428
379430
379431
379432
379434
379435
379437
379441
277038
277039
277040
277042
277045
277046
277047
277048
277051
277052
277053
277055
277056
277057
277058
246780
246782
246783
246784
246786
246790
246791
246792
246793
246794
246795
246797
246800
246801
246802
246803
246805
246806
246807
246808
246811
246812
246813
246814
246817
246818
246819
246821
361801
361802
361803
361804
361805
361806
361807
361808
361810
361812
361813
361814
361815
361816
361817
361820
361821
361822
361823
361824
361825
361826
361829
361830
361831
361832
361833
361834
361835
361836
361840
361841
361842
361845
361847
361850
361853
361854
373506
373507
373508
373509
373510
373511
373513
373514
373515
373517
373518
373519
373520
373521
373522
373523
228047
228048
228051
228052
228054
228055
228056
228058
228059
228060
228062
228063
324083
324084
324085
324087
324092
324093
324094
324101
290971
290973
290974
290975
290976
290977
290978
290980
290981
290982
290983
290984
290988
290989
290990
290991
290992
290993
290994
290995
290998
290999
291000
291001
291003
291005
291006
291007
291008
291009
383748
383749
383750
383751
383752
383753
383755
383756
383757
383758
383760
383762
383764
383765
383767
383768
383769
383770
332616
332617
332618
332619
332620
332622
332624
332625
332626
332630
383246
383247
383249
383250
383253
383254
383255
383256
383258
383259
383260
383261
383262
383263
383264
383267
383268
383270
383271
383274
383275
383277
383279
383281
383282
383283
383285
383287
345862
345863
345864
345866
345867
345868
345869
345870
345871
345872
345875
345876
345877
345878
345879
345882
345884
345885
345886
345887
345888
271168
271169
271170
271171
271172
271174
271175
271177
271178
271179
271180
271182
271183
271184
271187
271188
271189
271190
271191
271192
271193
271194
271195
271196
271197
271199
271200
271201
271202
271204
271205
271206
271208
271211
271212
271214
205736
205737
205738
205739
205740
205742
205743
205744
205745
205746
205748
205749
205751
205752
205753
205754
205755
205756
205757
205760
306892
306893
306898
306899
306900
306901
306902
306903
306905
306906
306909
256503
256504
256506
256507
256509
256510
256511
256512
256513
256514
256515
256518
256519
256520
256521
256522
256524
256525
256526
256529
256530
256531
256532
256535
231497
231499
231500
231501
231503
231504
231505
231506
231508
231510
231511
231512
231513
231514
231516
231517
231519
231522
231523
231524
359135
359136
359137
359143
359144
359146
359147
359148
359150
359151
359152
359153
359154
359155
359325
359326
359327
359328
359331
359333
359334
359335
359336
359338
359340
359342
359343
359344
359345
359348
359349
359350
359351
359352
359353
359354
359356
280729
280730
280731
280732
280733
280735
280737
280738
280739
280740
280741
280742
280743
280744
280745
280746
280747
280749
280750
280751
280752
280753
280754
280755
280756
280760
280761
280763
280764
280766
280767
280768
280769
280770
280772
280774
280775
280778
280780
259715
259717
259718
259719
259721
259722
259724
259725
259726
259728
259729
259730
259732
259733
259734
259736
259737
259738
259740
259741
259742
259743
259748
259750
356194
356196
356198
356199
356200
356203
356206
356207
356208
356209
356211
356213
356214
356215
356217
356218
356219
331807
331809
331810
331811
331813
331814
331815
331816
331818
331819
331820
331821
331822
331823
331824
331825
331826
331828
257375
257376
257379
257382
257383
257387
366405
366406
366407
366408
366409
366411
366415
366417
366419
366420
366421
366423
366424
366425
366426
366428
366429
366430
366431
366434
366435
366436
366437
366438
366440
366441
366443
366445
366446
366447
366448
200698
200699
200701
200702
200704
200705
200706
200709
200710
200711
200712
200713
200715
200716
200717
200718
200720
200723
200724
200725
200726
200727
200728
200729
200732
347678
347679
347680
347681
347682
347683
347684
347685
347686
347688
347689
347690
347691
347692
347693
347694
347697
337109
337110
337111
337112
337113
337114
328111
328112
328113
328114
328115
328117
328120
328121
328122
328123
328124
328127
328128
328129
328130
328131
328132
328134
328135
328137
328138
199586
199588
199590
199593
199595
199601
199602
199606
199607
199608
199609
199610
199611
199612
199613
199614
199618
199619
281001
281002
281003
281004
281005
281006
281008
281009
281012
281013
281015
281016
281017
281019
281020
281025
281026
281028
281029
281030
281031
281033
281035
281037
281038
248024
248025
248026
248030
248032
248033
248034
248035
248036
248037
248038
248040
248041
248042
248043
248045
248046
248048
248049
248051
248052
248053
248057
248064
384878
384881
384882
384883
384884
384885
384887
384888
384890
384892
384893
384894
384895
384897
384899
384902
384903
384904
384907
384908
384909
384910
384911
383818
383819
383820
383821
383822
383823
383825
383826
383827
383829
383830
383831
383833
383834
383835
383836
383837
383838
383839
383842
383843
383845
383846
383849
383851
383852
383853
383857
383858
383859
383861
383862
383864
383865
337246
337247
337248
337249
337250
337252
337253
337254
337255
337256
337257
337259
337260
337262
337263
337265
337267
337269
337270
337271
337272
337275
337276
337277
337278
337279
337281
337283
337285
337286
337287
337289
337290
337291
337295
232599
232600
232601
232603
232605
232608
232609
232610
232611
232614
232615
232617
232619
232620
232621
232623
232627
232628
232629
232631
332223
332224
332225
332227
332228
332230
332231
332232
332233
332234
332235
332237
332238
332239
332241
332245
332246
332247
332248
332249
332251
332252
332255
271492
271493
271494
271497
271498
271499
271500
271501
271502
271504
271505
271506
271507
271511
271513
271515
277394
277396
277399
277400
277401
277402
277403
277404
277407
277408
277409
277410
277411
277413
277414
277415
277416
277417
277418
277420
277421
277422
277423
277424
277425
277426
277427
277428
277429
277433
277435
277437
277439
277441
277445
261383
261384
261385
261387
261389
261391
261393
261394
261395
261396
261397
261398
261399
261401
261402
261404
261405
261406
261407
261409
261410
261411
261412
261413
261414
261416
261418
261420
261421
261423
261425
261426
261427
261428
261429
261430
261432
261433
261435
261436
261437
261438
261439
261440
261441
261445
378120
378121
378122
378124
378125
378127
378129
378131
378132
378133
378135
378136
378137
378138
378139
378140
378142
378143
378144
378145
378146
378147
378148
378149
378150
378152
378153
378157
378158
378159
378160
378161
378162
378163
378164
378165
378166
378169
378171
225896
225897
225898
225899
225900
225901
225903
225904
225905
225907
225908
225909
225912
225914
225915
225917
225921
225922
225923
225924
225925
225926
225927
225928
225931
228622
228623
228624
228626
228627
228629
228630
228632
228633
228636
228637
228638
228639
228640
324750
324751
324754
324756
324757
324758
324760
324761
324764
324768
324769
324771
324772
324774
324775
324776
324779
324780
324781
324782
324783
324784
324786
324787
324788
324789
324791
324793
324794
324795
276479
276481
276482
276483
276484
276485
276487
276489
276490
276491
276492
276493
276494
276497
276498
276499
276500
276501
276503
276504
276507
276508
276510
276511
276512
276514
276515
276516
252272
252275
252277
252278
252279
252280
252281
252282
252283
252285
252288
252289
252290
252291
252292
252294
252295
252296
252298
252299
252302
359008
359010
359013
359015
359016
359017
359019
359020
359021
339582
339583
339584
339585
339586
339587
339588
339589
339591
339593
339594
339596
224273
224274
224275
224276
224278
224280
224282
224284
224285
224287
224288
224289
207518
207519
207521
207522
207523
207524
207525
207527
207528
207529
207530
207532
207533
207535
207537
207540
207541
375148
375149
375151
375153
375154
375155
375156
375158
375159
375160
375161
375163
375164
375165
375166
375168
375169
375173
375174
224039
224040
224041
224042
224043
224044
224046
224047
224048
224049
224050
224052
224053
224055
224056
224058
224060
280851
280852
280853
280854
280855
280856
280857
280858
220048
220050
220051
220053
220055
220056
220057
220060
220061
220062
220065
220478
220479
220480
220481
220482
220483
220484
220486
220489
220490
220491
220493
220496
220497
220499
266576
266577
266579
266583
266584
266586
266587
266588
266589
266591
266592
266594
266596
266597
266598
266599
266600
266605
334458
334460
334462
334463
334467
334468
334469
334470
334471
334473
334474
334476
334477
334478
334479
334480
334482
334483
257690
257691
257692
257693
257695
257697
257698
257699
257700
257703
257704
257709
257711
257712
257713
328196
328197
328198
328199
328201
328202
328205
328206
328207
328208
328210
328213
328214
328215
328216
328218
328224
203439
203440
203441
203442
203443
203445
203446
203447
203448
203449
203451
203454
203455
203456
203457
203461
203462
203463
203464
203465
203467
203470
203471
203474
203475
367327
367328
367329
367330
367331
367333
367334
367335
367337
367339
367340
367341
367343
367346
345219
345221
345222
345223
345224
345225
345226
345227
345228
345230
345232
345233
345234
345236
345237
345239
345242
345243
345244
345245
345247
345248
345250
345251
345252
345253
345255
345256
345257
345258
345259
345264
350637
350639
350640
350641
350646
350647
350650
350651
350652
350654
350656
350658
350659
202793
202795
202796
202797
202798
202800
202801
202802
202803
202804
202805
202807
202809
202812
202813
202815
202816
202817
202818
202819
202820
202822
202824
202825
202826
202828
202830
202831
202832
202834
202836
202838
202839
202840
268541
268543
268545
268546
268547
268549
268550
268551
268553
268555
268556
268557
268558
268560
268561
268562
268563
268565
268566
268567
268569
268571
371825
371827
371829
371830
371833
371834
371836
371840
227514
227515
227516
227517
227519
227521
227522
227523
227524
227527
227529
227530
227531
227534
227535
227536
227537
227538
227540
227541
227543
227544
312916
312920
312921
312923
312924
312926
383571
383572
383573
383574
383575
383577
383579
383581
383582
383584
383585
383587
383588
383589
383590
383591
383592
383594
383595
383598
383599
383600
281101
281102
281104
281105
281106
281107
281109
281111
281113
281114
281116
281117
281118
320720
320721
320723
320724
251459
251460
251461
251463
251465
251466
251467
251468
251470
251471
251472
251474
251476
251479
251481
303022
303025
303026
303029
303030
303031
303033
303035
303038
303039
303041
303044
303045
303048
303049
303050
257418
257421
257423
257424
257426
257427
257430
257431
257432
257433
257436
257437
257438
257439
257440
257441
257443
257445
257446
257448
257449
257451
257452
257453
257454
257455
257456
257457
257458
257459
257460
257461
257462
257463
257464
257466
257467
257471
257472
257474
291562
291564
291565
291566
291568
291569
291570
291574
291575
291577
291578
291580
291581
291582
291583
291585
291586
291588
291589
291590
291591
351241
351242
351244
351248
351249
351250
351251
351252
351253
351254
351255
340167
340169
340170
340172
340174
340175
340177
340178
239122
239123
239124
239126
239127
239128
239129
239130
239131
239132
239134
239135
239137
239138
239139
239140
239141
239142
239143
239146
239147
239148
239149
239150
239152
239153
239154
239155
239157
239158
239159
239161
239163
239164
239166
239167
239168
195472
195475
195476
195478
195479
195480
195481
195483
195485
195486
195487
195494
195495
195496
195497
195498
195499
195501
195502
195503
195504
195506
195508
195509
195510
195512
195513
195516
195517
195518
195519
195520
195521
195522
195523
195524
195528
195530
195532
195533
195534
195536
195540
195541
195542
195543
195544
195546
195549
195550
195553
195555
195556
195557
351925
351926
351927
351929
351930
351931
351936
351937
351938
351939
351941
351942
351943
351945
351946
351947
351948
351950
351952
351953
351954
351956
351958
351963
351964
351966
351968
351970
351971
351972
351973
351974
351977
351979
377456
377457
377458
377459
377460
377461
377462
377463
377465
377468
377469
377471
377473
377474
377476
377477
377478
377480
377481
377482
377483
377484
377487
377494
194785
194787
194788
194789
194790
194791
194792
194794
194795
194796
194797
194798
194799
194800
194802
194803
194805
194809
194810
194811
194812
194813
194814
194815
194817
194818
194824
194826
385317
385318
385319
385321
385323
385324
385325
385326
385327
385329
385330
385331
385333
385334
385335
385336
385338
385339
385340
385342
385343
385344
385345
385346
385348
385349
385350
385351
385352
385353
385356
385358
334564
334565
334567
334568
334569
334570
334571
334574
334575
334576
334577
334578
334579
334581
334582
334583
334584
334585
334586
334587
334588
334589
334590
334591
334595
334596
334597
334598
334599
334601
334602
334604
334606
334610
299901
299903
299904
299905
299906
299907
299908
299910
299911
299912
299915
299916
299917
299918
299920
299924
299925
299926
299929
299931
299933
299934
299935
299938
195216
195218
195219
195221
195222
195223
195224
195226
195227
195228
195229
195232
195233
195234
195236
195237
195238
195239
195241
195242
195244
195245
195249
195250
195251
195252
195253
195256
195257
195263
195267
262697
262698
262700
262703
262704
262705
262706
262708
262709
262710
262711
262712
262713
262714
262715
262716
262719
262720
262722
262723
262724
262725
262726
262728
262729
262730
262731
262732
262733
262734
262737
262738
262739
262740
262741
262744
262747
308780
308781
308782
308783
308785
375554
375555
375556
375558
375559
375560
375562
375564
375566
375567
375568
375569
375570
375571
375572
375573
375574
375576
375577
375578
375579
375583
375584
375586
210117
210118
210119
210120
210122
210124
210126
196935
196936
196937
196939
196940
196941
196942
196944
196946
196949
196951
196954
196955
196959
266482
266483
266484
266487
266488
266489
266490
266491
266492
266493
266494
266495
266496
266498
266499
266501
266502
266503
266505
266506
266507
266508
266509
266511
266512
266515
266516
266518
266519
266520
266521
